116 10
  -0.036146685 -0.21873444 0.061346646 0.0743353 -0.12701064 0.02622544 -0.16106568 0.5971483 -0.020997766 0.48715243
e -0.025511695 -0.23731837 -0.16475053 0.14933017 -0.2120096 0.14820647 0.09315013 0.57714957 0.089408495 0.5302134
a -0.06753903 -0.13236135 0.0152851045 0.25287092 -0.35074884 0.11243228 0.03194683 0.49463633 0.19763985 0.46888313
o -0.054695547 -0.19357248 -0.05520084 0.14600092 -0.2542001 0.18906988 0.0013981551 0.5599046 0.16056308 0.48421592
s 0.015695142 -0.060959317 0.009886431 0.06670891 -0.26229054 -0.032965787 -0.030216932 0.72101855 -0.011647091 0.34145728
n 0.041182462 -0.087167755 -0.061681557 0.031693947 -0.3427047 -0.04674248 0.06141933 0.55393094 0.067784324 0.5032981
r 0.08662921 -0.0341214 -0.035381418 0.07962388 -0.34672153 0.025620528 0.02841566 0.5394558 0.0868793 0.5023891
i -0.11840282 -0.12883872 0.024492899 0.23096386 -0.47017184 0.024371477 0.025829352 0.48468325 0.052389592 0.48447773
l 0.08325892 -0.14931425 0.012228515 -0.057874374 -0.29330087 -0.07553393 -0.012191432 0.478574 0.017673012 0.589296
d 0.11863547 -0.120413326 -0.037527274 0.005107387 -0.36156547 -0.078846045 0.084515885 0.5343017 0.14375721 0.46799442
t 0.12266802 -0.10351939 0.07962557 0.0735679 -0.3408852 -0.10887375 0.011962932 0.56765234 0.04488236 0.39413026
c 0.15710138 -0.008331303 0.08836681 0.11940862 -0.47950152 -0.116071194 0.028198661 0.64008343 0.045606017 0.2827596
u 0.083121374 -0.12422452 -0.16819139 0.22036263 -0.12433949 0.28378245 0.03410747 0.6532595 -0.21951239 0.6028884
p 0.08373853 -0.12131212 -0.04077975 0.0589214 -0.31166753 -0.18323824 0.080189176 0.7231918 -0.10895626 0.3527262
m 0.13951829 -0.032626882 0.06701427 -0.010219516 -0.32613814 -0.030773394 -0.013322393 0.6781402 -0.05701348 0.370395
, 0.23826675 0.0333717 -0.4033281 -0.32923868 0.19218765 0.092547655 0.34595758 0.5831201 0.39315554 0.84568584
_ 0.5165455 -0.60984117 0.06820635 -0.38083872 -0.28693685 0.13741009 0.017984567 -0.07660162 0.33787194 1.118398
b 0.29130456 0.09526095 0.1396011 0.0463032 -0.36991978 -0.025864305 -0.029737044 0.5805925 0.03909903 0.39889434
g 0.28772768 0.016536389 0.18152505 0.32517105 -0.28813052 -0.17481597 0.020312393 0.48989186 0.115466624 0.4131395
q 0.5706269 0.14887142 -0.35525876 0.55089754 -0.07801422 -0.27975368 0.224679 0.91793466 0.4573148 0.088132024
ó -0.38580602 -0.27979976 -0.09824597 0.2814584 -0.37004814 0.09191214 0.105577506 0.47248 0.37459886 0.4704906
v 0.11213329 0.0009220623 0.15805039 0.22598265 -0.3864643 -0.08590675 0.0083888 0.5425062 0.10235313 0.35308412
. -0.5637399 0.16137682 0.065316625 -0.6827955 0.047167066 -0.54899144 -1.271639 0.5804984 1.0158701 0.49796706
y 0.22192892 -0.019332482 -0.06937945 0.003980691 -0.067158125 0.10925748 -0.021803897 0.55487245 0.29811534 0.52741385

 -0.88880545 0.492924 1.2296045 -0.35598218 0.34824246 0.1323588 1.2603981 0.8309852 0.36731076 0.46234438
h 0.30126342 0.14417316 -0.011478823 0.04027667 -0.120458625 0.38584888 -0.10584942 0.59987336 0.04441997 0.5645964
f 0.12719479 -0.0012170667 0.06722572 0.19230425 -0.50229955 -0.17469984 0.07231025 0.64715534 0.025175866 0.2723062
í 0.044573646 -0.12453514 -0.0024077494 0.25855923 -0.17958848 0.2603428 -0.12403137 0.4909799 0.08872601 0.55292416
á -0.12714452 -0.12281432 -0.058874674 0.11922799 -0.17180894 0.33166638 -0.07884414 0.5798732 0.099649936 0.53452504
E 0.0013021335 -0.53174573 0.0938884 0.41093507 0.20933221 -0.5271468 0.28541362 0.08268512 0.40159968 1.0051944
" -0.3539607 0.14654422 0.48403904 0.73184246 -0.07596076 -0.08903921 -0.35641724 0.56970805 -0.13616093 0.41205674
z 0.27097678 -0.0015295641 0.19940817 0.0826867 -0.44646204 -0.00047049 -0.07875706 0.40125617 0.13890916 0.48926976
j 0.1764018 -0.09446651 0.10653101 0.2638844 -0.19257648 0.0024245465 -0.05465125 0.6028368 0.103076465 0.36016834
C 0.51280636 -0.4683008 0.52885115 0.41600564 -0.04158749 -0.34096825 -0.0001569222 -0.051260814 0.38739446 0.81534356
é 0.07472807 -0.13846448 0.02123206 0.5558317 0.060347687 0.445391 -0.046617046 0.37488067 0.23908897 0.6861102
A 0.4099671 -0.36321718 0.522381 0.41549292 -0.0650721 -0.15038665 0.02680617 -0.1967494 0.5129155 1.0380034
ñ 0.08776773 -0.37758133 0.15754837 -0.36347988 0.040096674 -0.2608178 -0.23011072 0.6671942 -0.26698333 0.53984237
P 0.61481804 -0.43849126 0.50545937 0.33062047 0.08606474 -0.22513257 0.11586881 0.028199874 0.082836635 0.9510419
L 0.34464133 -0.09928716 0.3327176 0.14426115 -0.120458975 -0.18696943 0.10494207 0.035136793 0.30851132 0.94200134
0 -0.009944178 -0.67077875 1.0017387 -1.2991717 0.099671155 0.4206819 -0.3684141 1.4135077 0.16447179 -0.16341415
S 0.5133852 -0.32214314 0.5833195 0.44281298 0.008872074 -0.2531073 -0.011714014 -0.063010424 0.39571783 0.89831775
M 0.75901914 -0.19494589 0.6740312 0.15907167 -0.2999872 0.03818706 -0.085181154 -0.041675013 0.35385677 0.7454815
x 0.16349132 -0.121292494 0.17781152 0.08757768 -0.41810971 -0.45544317 0.029893534 0.52154404 -0.14509921 0.45008868
- 0.25785547 -0.112062044 0.43317208 -0.17074424 1.4986469 0.19146882 -0.58341396 0.6823074 0.39761296 0.92656654
ú -0.14186808 -0.24162674 -0.046732143 0.34484467 -0.12240415 0.21651433 0.01640029 0.44882572 0.2817192 0.57650083
1 0.16507252 -1.2827319 0.52268916 -0.7879789 0.31800106 0.27959293 0.030378493 1.1255333 0.63097703 -0.07540368
B 0.6803446 -0.27959615 0.6227545 0.26135233 -0.14580987 0.2065285 -0.16396661 0.03439312 0.47371256 0.6682857
G 0.53273046 -0.26741576 0.46487212 0.21294053 -0.39999646 -0.031985193 0.040929325 0.037424456 0.42080536 0.6639686
T 0.47308767 -0.2789512 0.6020162 0.18150796 0.06983368 -0.38353506 -0.12157463 -0.078370586 0.3064533 1.0225683
R 0.536011 -0.60068333 0.5218238 0.34169284 -0.11060525 -0.35883084 -0.08551363 -0.21659802 0.38189492 1.0650364
2 0.3509078 -1.0391464 0.76607776 -1.0091392 0.2167489 0.26937008 -0.18312444 1.101263 0.32449302 -0.025047502
D 0.5760149 -0.4301531 0.5304264 0.26821882 -0.16311541 -0.33949295 0.04169009 -0.21123147 0.43627602 1.0389588
N 0.2423212 -0.10362904 0.6461349 0.47721514 0.3864182 -0.39374837 -0.11368111 -0.13399729 0.6523642 1.1303332
9 -0.16135523 -1.7371888 0.37488586 -0.4013059 0.24797517 0.06272478 -0.2239055 1.2231632 1.199106 -0.347774
I 0.11395425 -0.63950765 0.5831209 0.528394 0.0016242418 -0.2634632 0.029676998 -0.3597513 0.79862475 1.16859
F 0.5150559 -0.54559624 0.5696768 0.22158422 -0.21357045 -0.358136 0.005867311 -0.016562399 0.36688814 0.734979
U -0.089226484 -0.90624714 0.4542539 0.33692366 0.25023478 -1.1334496 0.056632444 0.0031292296 0.20406106 1.0295434
J 1.2160189 -0.023893172 0.56860423 0.11530689 -0.25103775 0.0625113 0.15960059 -0.02097179 0.25993162 0.85042244
( 0.23748945 -0.24119583 0.29827875 -0.9689944 0.6801474 -0.22221315 0.38512757 0.1341335 0.92006916 1.37004
) -0.12298372 -0.9534495 0.6568101 -0.24900325 0.66252553 0.19980161 -0.6282814 0.1095979 0.4304072 1.0264132
O 0.17201005 -0.5717222 0.6289105 0.15972976 0.23883387 -0.4416561 -0.18385144 -0.42185575 0.32749793 1.6139588
V 0.41555098 -0.38774508 0.5052374 0.38255867 -0.08315509 -0.0711279 -0.14647648 -0.12320446 0.60099185 0.8707535
5 0.22759503 -1.0706801 0.6848451 -0.91319686 0.16761026 0.22979756 -0.18573056 1.2329999 0.33704 -0.20595063
3 0.21307594 -1.1062577 0.6506988 -0.79341877 0.44703397 0.42662945 -0.20803925 1.1202258 0.45046574 -0.019111013
k 0.5703052 0.21201001 0.59250677 -0.11015531 0.13571991 0.66368335 -0.530847 0.086222105 0.6327503 0.8981165
H 0.6839091 -0.06403755 0.6858374 0.368547 -0.010747496 0.32153153 -0.26010624 0.09625889 0.46714064 0.6645577
4 0.115640014 -1.1309365 0.63705254 -0.71239364 0.38562703 0.45610553 -0.23452097 1.2204015 0.44565818 -0.15119463
8 -0.046745196 -1.4491549 0.56343687 -0.7020335 0.27769664 0.23516017 -0.18693876 1.2466763 0.65990734 -0.2527323
6 0.24598117 -1.2181402 0.6659606 -0.7089609 0.42810774 0.27776197 -0.21571949 1.2763921 0.55600184 -0.26003277
7 0.13653214 -1.3637632 0.64552635 -0.7380126 0.39479947 0.33370152 -0.18384124 1.1796468 0.55447966 -0.116970845
: 0.035399385 0.40929416 -0.24530756 -0.16939679 0.6394587 -0.22966416 -0.045622766 0.6471194 0.33839384 0.9673724
Y 0.5667071 0.33917347 0.6839036 0.5201757 0.41901845 0.3071207 -0.1477213 0.25220168 0.30095583 0.77932334
K 0.56766987 0.27150252 0.5390986 0.21395141 -0.13251528 0.55928904 -0.25081578 0.16923103 0.88362974 0.5580302
% -0.020077623 -1.1806453 0.29815128 -0.74622446 0.32552525 0.17419818 -0.5062448 1.3630892 0.5366991 -0.24084565
? -0.18636657 0.7822412 1.2544997 0.6094967 1.002508 -0.41085 -0.9688195 0.7138161 0.056678664 0.535656
w 0.7364656 0.3434994 0.88182867 0.035829447 -0.0744848 0.8941119 -0.5267049 -0.09516678 0.8386832 0.85773563
Z 0.3998388 0.37668654 0.6969879 0.9009301 0.0003441902 0.26635182 -0.21764551 -0.29865307 0.929145 1.0587453
W 0.6058439 0.0054016816 0.67786664 0.23786336 -0.39101395 0.9064098 -0.32366708 0.03436431 0.60532653 0.57458186
; 0.5075929 0.09143142 -0.04446816 -0.096732125 0.12537843 0.4369977 0.2921112 0.5653245 0.36114043 0.62729335
Q 0.936751 0.45984524 0.24002618 1.0612247 0.80249494 -0.5734235 0.23102108 0.53881323 0.41032213 0.6363388
' 0.49205598 -0.34843978 0.5223564 -0.011309788 0.4063937 0.41640958 -0.43455946 -0.043535456 0.75313884 0.9846151
¿ 0.58933544 0.6856615 0.36681747 1.1712534 1.6021744 -0.34329915 -0.12167949 0.6055547 -0.025892265 1.256981
X -0.12309233 -0.6963423 0.49968842 0.43624154 -0.25663263 0.059058208 0.30118337 -0.42079997 1.0713835 1.090817
à 0.3668882 -0.47971258 0.3621948 0.048235163 -0.37440255 0.17160155 -0.1368107 -0.29939702 0.92641634 0.95149916
ç 0.4145467 0.22488147 0.59744626 0.050399728 -0.021727502 0.48839438 -0.16540241 -0.036455404 0.84286135 0.8921122
! 0.09789151 0.34187877 0.7416857 0.37695807 1.159029 -0.2596912 -0.6848429 0.6401157 0.52823925 0.5944813
ü -0.026815685 0.407757 0.2694293 0.29498938 -0.12290933 0.31606647 -0.047123056 0.1324524 0.71030533 0.86234593
¡ 0.3038846 0.1097906 0.6830588 0.3830849 1.5033034 -0.06442045 -0.5055514 0.55509716 0.5619616 0.9739931
` 0.30257 -0.3862289 0.52275896 -0.7332153 0.7100828 0.3352279 0.040024582 0.3272155 0.991898 0.98499286
è 0.2830281 -0.16989243 0.40187016 0.17894042 0.11298356 0.18475136 0.16163567 -0.21190427 0.8714295 1.1907276
/ 0.20934327 -0.4389209 0.68775636 -1.0368123 0.9149144 0.37981993 0.032381464 0.49155417 1.1775652 0.92226714
É -0.046271853 0.17877875 0.5630468 0.10433462 0.32263735 -0.25009915 0.14619008 -0.085221514 0.72748274 1.2214416
Á 0.13206501 -0.070241965 0.41470617 0.1545065 0.17177811 0.009222817 0.16818474 -0.289834 0.8989657 1.4553782
Ó 0.092305474 0.05866848 0.9742923 0.09997001 0.41502938 -0.4715612 0.11135073 -0.5164153 1.6359386 2.207461
ò 0.14011365 -0.23309939 0.38147676 -0.097280934 0.07404439 0.12268435 -0.027099567 -0.031419933 0.6234796 1.0389019
+ 0.09578606 -0.30033582 0.66372913 -0.1777456 0.32092798 -0.13802652 -0.016935414 -0.123633616 0.93101287 1.206086
ï 0.062414426 -0.0061806235 0.44354 -0.10388764 0.1479201 0.15527879 -0.096589416 0.28077918 0.60003364 0.7473878
Í 0.2341395 -0.075970516 0.6587708 0.15986963 0.34563383 -0.32474035 0.30169 -0.33300182 1.0165159 1.8769201
ö 0.09524299 0.12431416 0.29182047 -0.05085497 0.06177677 0.25486353 0.06806617 0.33743012 0.49914446 0.7731778
Ñ 0.12172466 0.035586454 0.6018199 0.12653656 0.26006374 -0.1588831 -0.03857249 -0.044477202 0.65947527 1.3535972
& 0.21907087 0.032974366 0.48461813 0.0001307721 0.09769011 0.09102619 0.03898298 0.1409209 0.66787815 1.0309926
º -0.111130126 -0.09845739 0.29359418 -0.5012776 0.17914109 0.21989632 -0.09023487 0.70998627 0.41115588 0.41697633
Ú 0.017643427 0.024760867 0.3630817 0.005866558 0.0393606 0.016467635 -0.09888261 0.34006748 0.36467513 0.6611302
ä 0.050081678 0.122002006 0.2964764 0.06748055 -0.0235032 0.100583784 0.063411005 0.43815175 0.33880544 0.63264096
= 0.061376493 -0.15046285 0.4399195 -0.48381197 0.4597955 0.20358744 -0.13184556 0.5989712 0.70538 0.6133559
Ò -0.015336186 0.056266043 0.16365486 -0.025596093 -0.04385622 0.028993616 -0.04525605 0.4937617 0.23684427 0.43920952
ô 0.101862565 0.023626382 0.27673802 0.086482964 0.08895704 -0.014934222 -0.0047938437 0.41168708 0.34415126 0.65258855
´ 0.017196532 0.05949813 0.16201295 0.047941353 -0.104124956 0.030131787 0.024871888 0.4757233 0.24075247 0.51416487
ù 0.009704496 0.053277038 0.28081158 0.04441967 -0.10780945 0.04867714 -0.13835518 0.3613898 0.36330125 0.5336734
@ 0.082375504 -0.054122023 0.1822127 -0.043822687 -0.07328671 0.0061121136 -0.053532124 0.3523078 0.15497012 0.3722072
Ç 0.04351674 0.06739338 0.3065728 0.08204677 0.009931048 -0.042943258 0.041902065 0.27072763 0.32534203 0.64215004
| -0.0237701 0.009317371 0.1665608 -0.032137852 -0.0025405122 0.03568688 -0.04789474 0.40919605 0.3290376 0.45578033
° -0.055032827 -0.0347432 0.22204691 -0.07077408 -0.04010672 0.084786035 -0.015664969 0.43077347 0.23565209 0.39738798
* 0.052006703 -0.038591336 0.1658503 -0.08402824 0.08090966 0.019475378 0.05557545 0.2665352 0.17872688 0.3615552
ª 0.008158106 -0.020452425 0.14062013 -0.03632476 -0.025380189 0.056197282 -0.05084713 0.40824917 0.24412438 0.368135
î 0.084341295 -0.007411411 0.2221376 0.046561915 -0.077292435 0.0455372 0.023060989 0.29681844 0.19526874 0.40542653
